58.0728783 11.8247475
58.0731049 11.8249745
58.0733574 11.8252287
58.0735447 11.8254193
58.0741843 11.8260638
58.0743701 11.8262458
58.0745696 11.8264463
58.0747499 11.8266326
58.0748337 11.8267162
58.0749675 11.8268519
58.0750154 11.8269005
58.0750482 11.8269337
58.0751886 11.8270746
58.0765956 11.8284559
58.0772533 11.8289877
58.0773663 11.8290603
58.0773773 11.829067
58.0777699 11.8293062
58.0781656 11.8295261
58.0786251 11.8297246
58.0787882 11.829785
58.0790081 11.8298553
58.0793966 11.8299714
58.0810715 11.8302396
58.0821166 11.8304086
58.0833205 11.8306091
58.0837454 11.8306804
58.0842153 11.8307707
58.0845925 11.8308538
58.0853724 11.8310952
58.0859779 11.8312937
58.0862547 11.8313912
58.0866968 11.8315539
58.0871392 11.8317263
58.0888959 11.8323371
58.0898968 11.8326965
58.0908737 11.8330425
58.091428 11.8332598
58.0920702 11.8334824
58.0925154 11.833638
58.0926014 11.8336797
58.092918 11.8338284
58.0935914 11.8342468
58.09377 11.8343943
58.0942237 11.8348449
58.0945535 11.8352385
58.0947741 11.835534
58.0950484 11.8359601
58.0951683 11.836162
58.0953462 11.8364945
58.0955088 11.8368107
58.0957996 11.8374443
58.0960959 11.8380933
58.0967001 11.8394074
58.0982622 11.8428621
58.0986222 11.8436828
58.0989511 11.8444929
58.0990906 11.8448882
58.0992771 11.8454102
58.099545 11.8462551
58.0997151 11.8468612
58.0998781 11.8475452
58.1002778 11.8494657
58.100538 11.8507144
58.1006009 11.851016
58.1009723 11.8528077
58.101199 11.8538243
58.1013861 11.8545699
58.1016498 11.8554229
58.1019006 11.8560585
58.1028445 11.8582177
58.1033771 11.8594324
58.103441 11.8595794
58.1051617 11.8635204
58.1061183 11.8657051
58.1066596 11.8669912
58.1071376 11.8680822
58.1075645 11.8690602
58.1077756 11.8695677
58.1079358 11.8699584
58.1080457 11.8702413
58.1081644 11.870561
58.1082287 11.8707601
58.1083131 11.8710494
58.1084338 11.8714839
58.1085135 11.8717636
58.1085993 11.8720769
58.1088574 11.8730475
58.109047 11.8738345
58.1093563 11.8750969
58.1095037 11.8758962
58.1096595 11.877012
58.109777 11.8781776
58.1098366 11.8793964
58.1099118 11.8806651
58.1099982 11.8826848
58.1100549 11.8839025
58.1101215 11.8847662
58.110232 11.8856192
58.1104233 11.886625
58.1105763 11.8872794
58.1108654 11.8882531
58.1112078 11.8891813
58.1117141 11.8905786
58.1118431 11.8909433
58.1119678 11.8913269
58.1121817 11.892212
58.1123347 11.8930274
58.1124396 11.8937758
58.1125175 11.8945402
58.1125685 11.8954307
58.1125685 11.8963614
58.1125348 11.8986239
58.1125189 11.89969
58.1125402 11.9005805
58.1126068 11.9014978
58.1127159 11.9022837
58.112876 11.9032064
58.1131282 11.9042364
58.1131926 11.90447
58.1132938 11.9047947
58.1133747 11.905041
58.1134245 11.905188
58.1135069 11.9054024
58.1136054 11.9056586
58.1136791 11.9058375
58.1138158 11.9061496
58.1140465 11.9066229
58.1147915 11.9081175
58.1152916 11.9091234
58.115873 11.910261
58.1160941 11.9107456
58.1162494 11.9111082
58.1163085 11.9112556
58.1163916 11.9114649
58.1164519 11.9116425
58.1165437 11.9119102
58.1166355 11.9122032
58.1166958 11.9123948
58.1171474 11.9139627
58.1174476 11.9150055
58.1177282 11.916027
58.1179796 11.9169109
58.1181029 11.9173473
58.1182247 11.9178239
58.118324 11.9182556
58.1184212 11.9187498
58.1184804 11.9190516
58.1188452 11.9209069
58.1189029 11.921153
58.119057 11.9216934
58.1191861 11.9220918
58.119696 11.9235369
58.1199239 11.9241466
58.1205596 11.9258809
58.1213237 11.9279389
58.1219037 11.9293797
58.1220278 11.9297254
58.1221328 11.9300483
58.1222403 11.930412
58.1223579 11.9308652
58.1225763 11.9317583
58.1226842 11.9321592
58.1227887 11.9325347
58.1228865 11.9328391
58.122957 11.9330356
58.123123 11.9334948
58.1233904 11.9341028
58.1236915 11.9347003
58.1239946 11.9351556
58.1243479 11.9356263
58.1244983 11.9357718
58.124911 11.9361121
58.1251173 11.9362744
58.125325 11.9364115
58.1255765 11.9365325
58.1257953 11.9366322
58.1259708 11.9366905
58.1265172 11.9368136
58.1276929 11.9371345
58.1282344 11.9373536
58.1286968 11.937661
58.1297242 11.9383943
58.1302368 11.9387201
58.1307627 11.939045
58.1309503 11.939149
58.131099 11.9392023
58.1313434 11.9392677
58.1313789 11.9392759
58.1315839 11.9393216
58.1319147 11.9393723
58.1332784 11.9394459
58.1352243 11.9396174
58.1369603 11.9396818
58.1380817 11.9397783
58.1389029 11.939773
58.1396265 11.939813
58.140067 11.9397525
58.1403089 11.9397118
58.1404195 11.9396899
58.140626 11.939626
58.1408346 11.9395486
58.1413097 11.9393384
58.1416353 11.9391185
58.1420933 11.9386856
58.1424353 11.9383606
58.1428463 11.9379704
58.1438844 11.9369756
58.1448536 11.9360311
58.1451884 11.9357161
58.1452496 11.9356583
58.1460742 11.9348768
58.146559 11.9344237
58.1468901 11.9341189
58.1470768 11.9339368
58.1478842 11.9331605
58.1484489 11.932617
58.1484884 11.9325766
58.148876 11.9321897
58.1491931 11.931839
58.1495101 11.9314581
58.1501267 11.9306747
58.1513254 11.9291887
58.1521724 11.9281268
58.1527272 11.92753
58.1532282 11.927129
58.1538538 11.9267857
58.1541269 11.9266784
58.1544078 11.9265937
58.154826 11.9265336
58.1552532 11.9264984
58.1565682 11.9265026
58.1569927 11.9264853
58.1579125 11.9264424
58.1581445 11.9264035
58.1583738 11.9263405
58.1585752 11.9262662
58.1589653 11.9260964
58.1602331 11.9253266
58.1608925 11.9249242
58.1615462 11.9246346
58.1622537 11.9244629
58.1631535 11.9244522
58.1640166 11.924538
58.1653941 11.9247509
58.1655729 11.924774
58.1666849 11.9249296
58.1671673 11.9248787
58.1676384 11.924758
58.1686004 11.9243395
58.1695736 11.9238621
58.1704846 11.9234008
58.1708784 11.9231364
58.1710737 11.9229874
58.171265 11.9228246
58.1715661 11.9225383
58.1717146 11.9223772
58.1718565 11.9222139
58.1723885 11.9215385
58.1730627 11.9206467
58.1737268 11.9197693
58.1742334 11.919103
58.1747628 11.9183984
58.1750025 11.9180913
58.1754976 11.9175495
58.1757408 11.9173202
58.176006 11.9171043
58.1764261 11.9168361
58.1767174 11.9166845
58.1768964 11.9166067
58.1773709 11.9164056
58.1778736 11.9161829
58.1784393 11.9159053
58.1794732 11.9153649
58.179995 11.915153
58.1806144 11.914933
58.1809779 11.9147426
58.181395 11.9145119
58.1818703 11.9141951
58.1820863 11.914055
58.1823807 11.9138628
58.1825309 11.9137763
58.182684 11.9137166
58.1827848 11.9136751
58.1828823 11.9136516
58.1830626 11.9136073
58.1831743 11.9135845
58.1832843 11.9135812
58.1837636 11.9135933
58.1840945 11.9136389
58.1846856 11.9137757
58.1849818 11.9138534
58.1853318 11.9139111
58.1855397 11.9139272
58.1859766 11.9138843
58.1863159 11.9138306
58.186644 11.9137609
58.1869366 11.9137421
58.187194 11.9137421
58.1874089 11.9137502
58.1877171 11.9138226
58.1879815 11.9138977
58.1881651 11.9139764
58.1885685 11.9141772
58.1893045 11.9147073
58.1896343 11.9150323
58.1900874 11.9155617
58.1904751 11.9160551
58.1906937 11.9163479
58.1907562 11.9164294
58.1913492 11.917178
58.1917733 11.9177225
58.1926131 11.9188383
58.1932959 11.9196215
58.1935673 11.9198602
58.1937921 11.9200373
58.1940847 11.9202358
58.1943137 11.9203645
58.194595 11.9204825
58.1948263 11.9205705
58.1953019 11.9206569
58.195822 11.9206837
58.1961397 11.9206549
58.1966639 11.9205371
58.1972483 11.9202652
58.1974618 11.9201472
58.197654 11.9200131
58.1978264 11.9198924
58.1979734 11.919753
58.1982109 11.919525
58.1984528 11.9192688
58.1988292 11.9187883
58.1992611 11.9182187
58.1995636 11.9177976
58.2000795 11.9170815
58.2008738 11.9160461
58.2012695 11.9156089
58.2017812 11.9151664
58.2021684 11.9148928
58.2027224 11.9146246
58.2031231 11.9145224
58.2034588 11.9144663
58.2037937 11.9144395
58.2045074 11.9145119
58.2051009 11.9146138
58.2057652 11.914642
58.206329 11.9145656
58.2070264 11.9144312
58.2071638 11.914405
58.2079541 11.9142437
58.2088245 11.9140559
58.2092315 11.9139996
58.2095466 11.9140077
58.2103944 11.9142061
58.2106982 11.9143134
58.210978 11.9144797
58.2114668 11.9148579
58.2117452 11.9150886
58.2121818 11.9154909
58.2122647 11.9155706
58.2125322 11.9158235
58.2132514 11.9164646
58.2138073 11.9168825
58.2143025 11.9172075
58.2147617 11.9174677
58.2152968 11.9177081
58.2157621 11.9178505
58.2158775 11.9178932
58.2164737 11.9181084
58.2170659 11.9183475
58.2175604 11.9185647
58.2180301 11.9188258
58.2185606 11.9191843
58.2191369 11.9195759
58.2194039 11.9197825
58.2202091 11.9204235
58.2205003 11.9206603
58.220534 11.9206837
58.2207867 11.9208286
58.2210791 11.9209949
58.2213202 11.9210856
58.2215636 11.9211483
58.2217488 11.9211805
58.2220281 11.9212074
58.2221354 11.9212126
58.2223706 11.9212296
58.2228163 11.9212409
58.2233691 11.9212275
58.2236782 11.921206
58.2239962 11.921182
58.224439 11.9211027
58.2244739 11.9210971
